32 8 25 9 33 10 25 7 8 18 34 4
15
2
5 18 36 29 29 20 10
10 13 25 17
35
2
28 33 22 25
18
6
10
11
15
31
31 15
14 10
8
12
5 12
7
6
9
26
36
4 5
34 20
3
8
24 23 15
9
25
16 33 23 24 21 23
2
13
12 30 15 36
32 16 26
4
14
7
4
21 20 22
17
11
10
17
3
11
16 34
4
8
20
0
11 7
32 14
8
26 32 30
7
7
11
25 20
9
20 22
5
8
34
9
15
8
21
7
0
31
26 25 6 15
8 36 15
15 21 26 23
6
31
15 21
35 30
0
22 30 18 28
9
9
5
21 4 32 18 29
0
1
20
1
27 10 22
12 32 15 26 32
19
19
18 24 34 34 17
4 3
27 28 31 10
30
18
31
21
6
6
19 30
30
5 27 12
5
21
17
1
31 19
16 33
2
0
17 32 14
16 28 22
22 33 33
9
19
3
35 20 15
7
12 17
11 35 2
2
5
3
9
11
21
10
4
4
10
31 28
7
30
3
6
35
0
5
14 33
3
33 24
5
29
18 20
20 14 14
14 24
4
2
15 21
35
22 21
1
4 35 16 30 15
15 18
16 28 4
16 33
3
30 36
11
1
5
31
19
32 27
30 1 33 34
0
8
2
15
31 20
20 33 35
25 18 11 30 33
33
15
15 29
4
21 10
34 22
21 22
33 35 26 25 29
5
35
9
4
33
0
14
18
15 22 12
12 22
1
26 16
11
11
13
8
15 29 29 14
4
10 27 13
0
11
2
12
0
3
35 15
0
11
27
12 7 1
19 32
7
30
1
24 24
19 35
3
17
19
30 36
35 11
10
2
32 31
31 31 25
8
2
10 5
2 35
35 10 22 19
24 27 20 33 12
9
35
10 10
4
0
7
23 25
3 27 29
19
14
31
9
2
18
9
8
34
12 36 13
3 4 30
4
26 32 21
35 17
0
30 10
21 28
25 36 30 30
12
12 34 22 27
9
22 8
5 16
33 35
9
13 23
11
27
8
21
10
10
19
11 21 11 33 17
28
9
27 28 26
5
29
9
15 12 22 22
22 22 23
3
24
9
7
16 20
3
9
9
36 5
3
33
5
18 16